1000 -55 0 0 0 0 0 0 0 0 0 0 0 0 0 0 0 0 
1000 -50 0 1146.27 0 0 0 34 0 0 0 146.274 0 0 0 157.134 0 0 
1000 -45 0 1143.44 0 0 0 36 0 0 0 143.436 0 0 0 155.53 0 0 
1000 -40 0 1137.54 0 0 0 50 0 0 0 137.535 0 0 0 139.615 0 0 
1000 -35 0 1122.05 0 0 0 50 0 0 0 122.048 0 0 0 183.406 0 0 
1000 -30 0 1120.29 0 0 0 50 0 0 0 120.29 0 0 0 122.033 0 0 
1000 -25 0 1115.05 0 0 0 50 0 0 0 115.048 0 0 0 121.787 0 0 
1000 -20 0 1104.82 0 0 0 50 0 0 0 104.819 0 0 0 118.511 0 0 
1000 -15 0 1097.48 0 0 0 50 0 0 0 97.4825 0 0 0 120.461 0 0 
1000 -10 0 1094.8 0 0 0 50 0 0 0 94.8041 0 0 0 106.966 0 0 
1000 -5 0 1086.14 0 0 0 50 0 0 0 86.1444 0 0 0 102.222 0 0 
1000 0 0 1093.9 0 0 0 50 0 0 0 93.9011 0 0 0 106.913 0 0 
1000 5 0 1090.54 0 0 0 50 0 0 0 90.538 0 0 0 101.742 0 0 
1000 10 0 1081.38 0 0 0 50 0 0 0 81.3808 0 0 0 99.2649 0 0 
1000 15 0 1087.44 0 0 0 50 0 0 0 87.439 0 0 0 144.548 0 0 
1000 20 0 1087.35 0 0 0 50 0 0 0 87.3492 0 0 0 97.2799 0 0 
1000 25 0 1087.04 0 0 0 50 0 0 0 87.0414 0 0 0 98.3462 0 0 
1000 30 0 1095.37 0 0 0 50 0 0 0 95.3671 0 0 0 109.403 0 0 
1000 35 0 1101.83 0 0 0 50 0 0 0 101.835 0 0 0 110.104 0 0 
1000 40 0 1107.59 0 0 0 11 0 0 0 107.585 0 0 0 110.912 0 0 
1000 45 0 1108.66 0 0 0 6 0 0 0 108.655 0 0 0 110.874 0 0 
1000 50 0 0 0 0 0 0 0 0 0 0 0 0 0 0 0 0 
1000 55 0 0 0 0 0 0 0 0 0 0 0 0 0 0 0 0 
1250 -55 0 0 0 0 0 0 0 0 0 0 0 0 0 0 0 0 
1250 -50 0 1495.62 0 0 0 25 0 0 0 245.619 0 0 0 271.765 0 0 
1250 -45 0 1460.76 0 0 0 37 0 0 0 210.756 0 0 0 221.165 0 0 
1250 -40 0 1453.87 0 0 0 50 0 0 0 203.871 0 0 0 351.638 0 0 
1250 -35 0 1462.4 0 0 0 49 0 0 0 212.398 0 0 0 352.427 0 0 
1250 -30 0 1448.42 0 0 0 50 0 0 0 198.417 0 0 0 267.341 0 0 
1250 -25 0 1423.01 0 0 0 50 0 0 0 173.01 0 0 0 216.377 0 0 
1250 -20 0 1421.09 0 0 0 50 0 0 0 171.092 0 0 0 191.848 0 0 
1250 -15 0 1420.95 0 0 0 48 0 0 0 170.947 0 0 0 317.223 0 0 
1250 -10 0 1421.28 0 0 0 50 0 0 0 171.278 0 0 0 259.704 0 0 
1250 -5 0 1419.35 0 0 0 48 0 0 0 169.348 0 0 0 256.735 0 0 
1250 0 0 1412.32 0 0 0 50 0 0 0 162.321 0 0 0 198.104 0 0 
1250 5 0 1410.75 0 0 0 50 0 0 0 160.748 0 0 0 165.211 0 0 
1250 10 0 1405.36 0 0 0 50 0 0 0 155.361 0 0 0 177.225 0 0 
1250 15 0 1406.27 0 0 0 50 0 0 0 156.266 0 0 0 179.018 0 0 
1250 20 0 1412.9 0 0 0 50 0 0 0 162.903 0 0 0 178.864 0 0 
1250 25 0 1425.06 0 0 0 50 0 0 0 175.061 0 0 0 255.138 0 0 
1250 30 0 1424.78 0 0 0 50 0 0 0 174.779 0 0 0 179.623 0 0 
1250 35 0 1426.81 0 0 0 43 0 0 0 176.811 0 0 0 200.503 0 0 
1250 40 0 1420.85 0 0 0 20 0 0 0 170.846 0 0 0 197.263 0 0 
1250 45 0 1444 0 0 0 9 0 0 0 193.998 0 0 0 200.44 0 0 
1250 50 0 0 0 0 0 0 0 0 0 0 0 0 0 0 0 0 
1250 55 0 0 0 0 0 0 0 0 0 0 0 0 0 0 0 0 
1500 -55 0 0 0 0 0 0 0 0 0 0 0 0 0 0 0 0 
1500 -50 0 1815.42 0 0 0 5 0 0 0 315.422 0 0 0 344.916 0 0 
1500 -45 0 1787.89 0 0 0 12 0 0 0 287.895 0 0 0 307.258 0 0 
1500 -40 0 1788.57 0 0 0 46 0 0 0 288.574 0 0 0 305.062 0 0 
1500 -35 0 1765.53 0 0 0 48 0 0 0 265.532 0 0 0 304.825 0 0 
1500 -30 0 1743.84 0 0 0 46 0 0 0 243.842 0 0 0 267.707 0 0 
1500 -25 0 1733.96 0 0 0 29 0 0 0 233.963 0 0 0 295.659 0 0 
1500 -20 0 1727.47 0 0 0 49 0 0 0 227.473 0 0 0 295.328 0 0 
1500 -15 0 1729.8 0 0 0 50 0 0 0 229.802 0 0 0 261.563 0 0 
1500 -10 0 1728.09 0 0 0 50 0 0 0 228.087 0 0 0 261.514 0 0 
1500 -5 0 1725.23 0 0 0 50 0 0 0 225.235 0 0 0 229.336 0 0 
1500 0 0 1727.93 0 0 0 50 0 0 0 227.928 0 0 0 231.407 0 0 
1500 5 0 1721.56 0 0 0 50 0 0 0 221.563 0 0 0 248.517 0 0 
1500 10 0 1725.76 0 0 0 50 0 0 0 225.755 0 0 0 358.658 0 0 
1500 15 0 1717.85 0 0 0 50 0 0 0 217.847 0 0 0 222.217 0 0 
1500 20 0 1740.69 0 0 0 50 0 0 0 240.69 0 0 0 283.734 0 0 
1500 25 0 1740.99 0 0 0 48 0 0 0 240.991 0 0 0 251.611 0 0 
1500 30 0 1738.55 0 0 0 50 0 0 0 238.545 0 0 0 278.559 0 0 
1500 35 0 1747.02 0 0 0 50 0 0 0 247.017 0 0 0 275.402 0 0 
1500 40 0 1738.25 0 0 0 35 0 0 0 238.253 0 0 0 278.69 0 0 
1500 45 0 1762.76 0 0 0 4 0 0 0 262.759 0 0 0 279.291 0 0 
1500 50 0 1772.17 0 0 0 8 0 0 0 272.174 0 0 0 284.228 0 0 
1500 55 0 0 0 0 0 0 0 0 0 0 0 0 0 0 0 0 
1750 -55 0 0 0 0 0 0 0 0 0 0 0 0 0 0 0 0 
1750 -50 0 2130.5 0 0 0 4 0 0 0 380.501 0 0 0 420.898 0 0 
1750 -45 0 2142.42 0 0 0 4 0 0 0 392.421 0 0 0 419.802 0 0 
1750 -40 0 2124.11 0 0 0 38 0 0 0 374.114 0 0 0 417.354 0 0 
1750 -35 0 2078.91 0 0 0 42 0 0 0 328.913 0 0 0 365.198 0 0 
1750 -30 0 2071.73 0 0 0 42 0 0 0 321.732 0 0 0 413.084 0 0 
1750 -25 0 2075.78 0 0 0 47 0 0 0 325.776 0 0 0 413.493 0 0 
1750 -20 0 2057.01 0 0 0 49 0 0 0 307.009 0 0 0 310.238 0 0 
1750 -15 0 2055.76 0 0 0 50 0 0 0 305.756 0 0 0 357.067 0 0 
1750 -10 0 2054.45 0 0 0 49 0 0 0 304.453 0 0 0 359.486 0 0 
1750 -5 0 2053.73 0 0 0 50 0 0 0 303.726 0 0 0 311.518 0 0 
1750 0 0 2059.12 0 0 0 50 0 0 0 309.122 0 0 0 364.493 0 0 
1750 5 0 2046.48 0 0 0 50 0 0 0 296.482 0 0 0 310.946 0 0 
1750 10 0 2041.7 0 0 0 50 0 0 0 291.699 0 0 0 307.572 0 0 
1750 15 0 2049.52 0 0 0 50 0 0 0 299.523 0 0 0 502.37 0 0 
1750 20 0 2067.47 0 0 0 50 0 0 0 317.467 0 0 0 352.43 0 0 
1750 25 0 2049.37 0 0 0 50 0 0 0 299.368 0 0 0 341.181 0 0 
1750 30 0 2083.2 0 0 0 37 0 0 0 333.196 0 0 0 344.362 0 0 
1750 35 0 2072.35 0 0 0 5 0 0 0 322.349 0 0 0 344.905 0 0 
1750 40 0 2091.11 0 0 0 36 0 0 0 341.111 0 0 0 344.74 0 0 
1750 45 0 2074.47 0 0 0 23 0 0 0 324.473 0 0 0 390.235 0 0 
1750 50 0 2093.7 0 0 0 1 0 0 0 343.698 0 0 0 343.698 0 0 
1750 55 0 0 0 0 0 0 0 0 0 0 0 0 0 0 0 0 
2000 -55 0 0 0 0 0 0 0 0 0 0 0 0 0 0 0 0 
2000 -50 0 0 0 0 0 0 0 0 0 0 0 0 0 0 0 0 
2000 -45 0 2407.44 0 0 0 39 0 0 0 407.44 0 0 0 477.704 0 0 
2000 -40 0 2435.19 0 0 0 39 0 0 0 435.189 0 0 0 478.409 0 0 
2000 -35 0 2435.43 0 0 0 43 0 0 0 435.426 0 0 0 476.753 0 0 
2000 -30 0 2413.44 0 0 0 40 0 0 0 413.436 0 0 0 475.537 0 0 
2000 -25 0 2408.27 0 0 0 30 0 0 0 408.266 0 0 0 471.695 0 0 
2000 -20 0 2406.29 0 0 0 30 0 0 0 406.293 0 0 0 467.032 0 0 
2000 -15 0 2411.9 0 0 0 38 0 0 0 411.896 0 0 0 473.419 0 0 
2000 -10 0 2364.45 0 0 0 49 0 0 0 364.449 0 0 0 468.788 0 0 
2000 -5 0 2374.47 0 0 0 49 0 0 0 374.471 0 0 0 510.856 0 0 
2000 0 0 2359.18 0 0 0 50 0 0 0 359.183 0 0 0 615.44 0 0 
2000 5 0 2372.82 0 0 0 48 0 0 0 372.824 0 0 0 458.581 0 0 
2000 10 0 2348.65 0 0 0 50 0 0 0 348.648 0 0 0 462.162 0 0 
2000 15 0 2378.66 0 0 0 50 0 0 0 378.657 0 0 0 459.788 0 0 
2000 20 0 2388.65 0 0 0 42 0 0 0 388.653 0 0 0 456.969 0 0 
2000 25 0 2389.34 0 0 0 50 0 0 0 389.338 0 0 0 445.274 0 0 
2000 30 0 2385.3 0 0 0 50 0 0 0 385.299 0 0 0 390.286 0 0 
2000 35 0 2383.42 0 0 0 38 0 0 0 383.422 0 0 0 451.564 0 0 
2000 40 0 2397.11 0 0 0 28 0 0 0 397.107 0 0 0 454.142 0 0 
2000 45 0 2401.3 0 0 0 11 0 0 0 401.299 0 0 0 452.34 0 0 
2000 50 0 2453.2 0 0 0 1 0 0 0 453.197 0 0 0 453.197 0 0 
2000 55 0 2443.04 0 0 0 1 0 0 0 443.038 0 0 0 443.038 0 0 
2250 -55 0 0 0 0 0 0 0 0 0 0 0 0 0 0 0 0 
2250 -50 0 0 0 0 0 0 0 0 0 0 0 0 0 0 0 0 
2250 -45 0 0 0 0 0 0 0 0 0 0 0 0 0 0 0 0 
2250 -40 0 2800.19 0 0 0 36 0 0 0 550.188 0 0 0 1206.64 0 0 
2250 -35 0 2857.74 0 0 0 22 0 0 0 607.738 0 0 0 633.514 0 0 
2250 -30 0 2842.87 0 0 0 28 0 0 0 592.869 0 0 0 634.701 0 0 
2250 -25 0 2791.73 0 0 0 46 0 0 0 541.727 0 0 0 613.434 0 0 
2250 -20 0 2713.05 0 0 0 40 0 0 0 463.05 0 0 0 546.747 0 0 
2250 -15 0 2750.64 0 0 0 28 0 0 0 500.641 0 0 0 542.858 0 0 
2250 -10 0 2775.8 0 0 0 47 0 0 0 525.799 0 0 0 593.757 0 0 
2250 -5 0 2709.85 0 0 0 49 0 0 0 459.847 0 0 0 659.688 0 0 
2250 0 0 2710.51 0 0 0 48 0 0 0 460.511 0 0 0 539.294 0 0 
2250 5 0 2745.82 0 0 0 48 0 0 0 495.815 0 0 0 942.621 0 0 
2250 10 0 2697.48 0 0 0 47 0 0 0 447.479 0 0 0 537.743 0 0 
2250 15 0 2733.08 0 0 0 46 0 0 0 483.076 0 0 0 533.965 0 0 
2250 20 0 2739.38 0 0 0 49 0 0 0 489.378 0 0 0 614.378 0 0 
2250 25 0 2731.24 0 0 0 44 0 0 0 481.239 0 0 0 591.97 0 0 
2250 30 0 2736.17 0 0 0 37 0 0 0 486.169 0 0 0 613.135 0 0 
2250 35 0 2735.15 0 0 0 44 0 0 0 485.145 0 0 0 609.073 0 0 
2250 40 0 2746.08 0 0 0 28 0 0 0 496.083 0 0 0 582.436 0 0 
2250 45 0 2750.95 0 0 0 4 0 0 0 500.947 0 0 0 510.191 0 0 
2250 50 0 2740.99 0 0 0 6 0 0 0 490.99 0 0 0 521.059 0 0 
2250 55 0 0 0 0 0 0 0 0 0 0 0 0 0 0 0 0 
2500 -55 0 0 0 0 0 0 0 0 0 0 0 0 0 0 0 0 
2500 -50 0 0 0 0 0 0 0 0 0 0 0 0 0 0 0 0 
2500 -45 0 0 0 0 0 0 0 0 0 0 0 0 0 0 0 0 
2500 -40 0 3207.98 0 0 0 1 0 0 0 707.984 0 0 0 707.984 0 0 
2500 -35 0 3135.47 0 0 0 5 0 0 0 635.468 0 0 0 703.876 0 0 
2500 -30 0 3109.95 0 0 0 12 0 0 0 609.947 0 0 0 705.442 0 0 
2500 -25 0 3077.26 0 0 0 28 0 0 0 577.262 0 0 0 702.808 0 0 
2500 -20 0 3110.16 0 0 0 18 0 0 0 610.16 0 0 0 698.553 0 0 
2500 -15 0 3024.65 0 0 0 12 0 0 0 524.65 0 0 0 587.35 0 0 
2500 -10 0 3043.55 0 0 0 31 0 0 0 543.55 0 0 0 701.877 0 0 
2500 -5 0 3069.94 0 0 0 41 0 0 0 569.936 0 0 0 847.574 0 0 
2500 0 0 3043.87 0 0 0 41 0 0 0 543.87 0 0 0 851.176 0 0 
2500 5 0 3050.01 0 0 0 49 0 0 0 550.01 0 0 0 681.8 0 0 
2500 10 0 3063.98 0 0 0 47 0 0 0 563.982 0 0 0 688.639 0 0 
2500 15 0 3074.51 0 0 0 49 0 0 0 574.508 0 0 0 687.624 0 0 
2500 20 0 3105.36 0 0 0 34 0 0 0 605.362 0 0 0 688.397 0 0 
2500 25 0 3083.89 0 0 0 25 0 0 0 583.893 0 0 0 687.917 0 0 
2500 30 0 3133.86 0 0 0 18 0 0 0 633.862 0 0 0 687.303 0 0 
2500 35 0 3065.47 0 0 0 39 0 0 0 565.47 0 0 0 676.772 0 0 
2500 40 0 3070.11 0 0 0 39 0 0 0 570.104 0 0 0 673.021 0 0 
2500 45 0 3071.14 0 0 0 1 0 0 0 571.144 0 0 0 571.144 0 0 
2500 50 0 0 0 0 0 0 0 0 0 0 0 0 0 0 0 0 
2500 55 0 0 0 0 0 0 0 0 0 0 0 0 0 0 0 0 
