1000 -35 0 0 0 0 0 0 0 0 0 0 0 0 0 0 0 0 
1000 -30 0 0 0 0 0 0 0 0 0 0 0 0 0 0 0 0 
1000 -25 0 1233.46 0 0 0 3 0 0 0 233.457 0 0 0 233.543 0 0 
1000 -20 0 1223.57 0 0 0 39 0 0 0 223.574 0 0 0 230.74 0 0 
1000 -15 0 1203.27 0 0 0 45 0 0 0 203.274 0 0 0 222.572 0 0 
1000 -10 0 1178.6 0 0 0 50 0 0 0 178.6 0 0 0 196.807 0 0 
1000 -5 0 1171.95 0 0 0 50 0 0 0 171.951 0 0 0 210.802 0 0 
1000 0 0 1147.16 0 0 0 50 0 0 0 147.161 0 0 0 201.497 0 0 
1000 5 0 1142.39 0 0 0 50 0 0 0 142.39 0 0 0 143.882 0 0 
1000 10 0 1158.3 0 0 0 50 0 0 0 158.3 0 0 0 198.714 0 0 
1000 15 0 1178.32 0 0 0 50 0 0 0 178.324 0 0 0 201.463 0 0 
1000 20 0 1175.12 0 0 0 50 0 0 0 175.123 0 0 0 242.743 0 0 
1000 25 0 1204.8 0 0 0 38 0 0 0 204.8 0 0 0 269.688 0 0 
1000 30 0 0 0 0 0 0 0 0 0 0 0 0 0 0 0 0 
1000 35 0 0 0 0 0 0 0 0 0 0 0 0 0 0 0 0 
1250 -35 0 0 0 0 0 0 0 0 0 0 0 0 0 0 0 0 
1250 -30 0 0 0 0 0 0 0 0 0 0 0 0 0 0 0 0 
1250 -25 0 1509.68 0 0 0 2 0 0 0 259.677 0 0 0 259.677 0 0 
1250 -20 0 1511.73 0 0 0 9 0 0 0 261.73 0 0 0 300.225 0 0 
1250 -15 0 1490.1 0 0 0 44 0 0 0 240.096 0 0 0 280.516 0 0 
1250 -10 0 1464.38 0 0 0 50 0 0 0 214.377 0 0 0 220.502 0 0 
1250 -5 0 1452.59 0 0 0 50 0 0 0 202.593 0 0 0 334.473 0 0 
1250 0 0 1401.01 0 0 0 50 0 0 0 151.009 0 0 0 169.698 0 0 
1250 5 0 1403.62 0 0 0 50 0 0 0 153.623 0 0 0 238.482 0 0 
1250 10 0 1430.46 0 0 0 50 0 0 0 180.459 0 0 0 237.32 0 0 
1250 15 0 1436.92 0 0 0 50 0 0 0 186.923 0 0 0 283.257 0 0 
1250 20 0 1468.67 0 0 0 50 0 0 0 218.673 0 0 0 267.25 0 0 
1250 25 0 1489.41 0 0 0 47 0 0 0 239.406 0 0 0 265.296 0 0 
1250 30 0 1498.08 0 0 0 18 0 0 0 248.084 0 0 0 255.798 0 0 
1250 35 0 0 0 0 0 0 0 0 0 0 0 0 0 0 0 0 
1500 -35 0 0 0 0 0 0 0 0 0 0 0 0 0 0 0 0 
1500 -30 0 0 0 0 0 0 0 0 0 0 0 0 0 0 0 0 
1500 -25 0 1826 0 0 0 12 0 0 0 326.001 0 0 0 354.688 0 0 
1500 -20 0 1817.87 0 0 0 29 0 0 0 317.868 0 0 0 321.135 0 0 
1500 -15 0 1817.94 0 0 0 49 0 0 0 317.943 0 0 0 388.889 0 0 
1500 -10 0 1786.38 0 0 0 50 0 0 0 286.38 0 0 0 311.595 0 0 
1500 -5 0 1751.72 0 0 0 50 0 0 0 251.716 0 0 0 286.59 0 0 
1500 0 0 1726.97 0 0 0 50 0 0 0 226.972 0 0 0 275.632 0 0 
1500 5 0 1716.41 0 0 0 50 0 0 0 216.406 0 0 0 311.041 0 0 
1500 10 0 1738.18 0 0 0 50 0 0 0 238.18 0 0 0 306.089 0 0 
1500 15 0 1793.2 0 0 0 49 0 0 0 293.204 0 0 0 385.529 0 0 
1500 20 0 1781.57 0 0 0 50 0 0 0 281.574 0 0 0 300.619 0 0 
1500 25 0 1811.22 0 0 0 43 0 0 0 311.221 0 0 0 369.554 0 0 
1500 30 0 1869.39 0 0 0 23 0 0 0 369.388 0 0 0 386.767 0 0 
1500 35 0 0 0 0 0 0 0 0 0 0 0 0 0 0 0 0 
1750 -35 0 0 0 0 0 0 0 0 0 0 0 0 0 0 0 0 
1750 -30 0 2198.47 0 0 0 2 0 0 0 448.471 0 0 0 448.471 0 0 
1750 -25 0 2201.26 0 0 0 36 0 0 0 451.256 0 0 0 499.095 0 0 
1750 -20 0 2127.88 0 0 0 15 0 0 0 377.884 0 0 0 387.403 0 0 
1750 -15 0 2128.07 0 0 0 19 0 0 0 378.068 0 0 0 544.683 0 0 
1750 -10 0 2106.43 0 0 0 49 0 0 0 356.427 0 0 0 376.231 0 0 
1750 -5 0 2086.59 0 0 0 49 0 0 0 336.593 0 0 0 604.48 0 0 
1750 0 0 2017.29 0 0 0 50 0 0 0 267.286 0 0 0 316.11 0 0 
1750 5 0 2053.2 0 0 0 50 0 0 0 303.2 0 0 0 456.254 0 0 
1750 10 0 2082 0 0 0 50 0 0 0 332.004 0 0 0 424.892 0 0 
1750 15 0 2134.23 0 0 0 50 0 0 0 384.23 0 0 0 505.755 0 0 
1750 20 0 2108.75 0 0 0 43 0 0 0 358.75 0 0 0 557.242 0 0 
1750 25 0 2123.94 0 0 0 41 0 0 0 373.941 0 0 0 490.338 0 0 
1750 30 0 2164.98 0 0 0 13 0 0 0 414.981 0 0 0 429.052 0 0 
1750 35 0 0 0 0 0 0 0 0 0 0 0 0 0 0 0 0 
2000 -35 0 2660.01 0 0 0 1 0 0 0 660.013 0 0 0 660.013 0 0 
2000 -30 0 0 0 0 0 0 0 0 0 0 0 0 0 0 0 0 
2000 -25 0 2536.93 0 0 0 17 0 0 0 536.926 0 0 0 633.017 0 0 
2000 -20 0 2504.58 0 0 0 20 0 0 0 504.578 0 0 0 572.131 0 0 
2000 -15 0 2463.34 0 0 0 45 0 0 0 463.345 0 0 0 636.765 0 0 
2000 -10 0 2428.65 0 0 0 49 0 0 0 428.65 0 0 0 556.901 0 0 
2000 -5 0 2420.81 0 0 0 50 0 0 0 420.811 0 0 0 437.067 0 0 
2000 0 0 2363.1 0 0 0 49 0 0 0 363.095 0 0 0 511.978 0 0 
2000 5 0 2409.79 0 0 0 50 0 0 0 409.787 0 0 0 423.467 0 0 
2000 10 0 2410.58 0 0 0 50 0 0 0 410.581 0 0 0 560.386 0 0 
2000 15 0 2453.09 0 0 0 48 0 0 0 453.089 0 0 0 604.102 0 0 
2000 20 0 2464.5 0 0 0 45 0 0 0 464.504 0 0 0 698.054 0 0 
2000 25 0 2469.75 0 0 0 43 0 0 0 469.756 0 0 0 492.314 0 0 
2000 30 0 2601.41 0 0 0 14 0 0 0 601.405 0 0 0 646.753 0 0 
2000 35 0 2503.18 0 0 0 4 0 0 0 503.175 0 0 0 571.718 0 0 
2250 -35 0 2953.7 0 0 0 1 0 0 0 703.699 0 0 0 703.699 0 0 
2250 -30 0 0 0 0 0 0 0 0 0 0 0 0 0 0 0 0 
2250 -25 0 2917.94 0 0 0 4 0 0 0 667.939 0 0 0 695.595 0 0 
2250 -20 0 2839.86 0 0 0 28 0 0 0 589.86 0 0 0 672.835 0 0 
2250 -15 0 2792.85 0 0 0 37 0 0 0 542.849 0 0 0 602.875 0 0 
2250 -10 0 2768.1 0 0 0 38 0 0 0 518.102 0 0 0 637.461 0 0 
2250 -5 0 2753.23 0 0 0 36 0 0 0 503.231 0 0 0 628.713 0 0 
2250 0 0 2720.43 0 0 0 42 0 0 0 470.429 0 0 0 555.191 0 0 
2250 5 0 2693.81 0 0 0 48 0 0 0 443.809 0 0 0 501.059 0 0 
2250 10 0 2764.17 0 0 0 43 0 0 0 514.168 0 0 0 558.485 0 0 
2250 15 0 2810.59 0 0 0 46 0 0 0 560.589 0 0 0 696.293 0 0 
2250 20 0 2838.92 0 0 0 41 0 0 0 588.92 0 0 0 756.474 0 0 
2250 25 0 2811.78 0 0 0 40 0 0 0 561.783 0 0 0 583.728 0 0 
2250 30 0 2831.31 0 0 0 20 0 0 0 581.308 0 0 0 679.374 0 0 
2250 35 0 2858.25 0 0 0 2 0 0 0 608.255 0 0 0 670.624 0 0 
2500 -35 0 3274.21 0 0 0 22 0 0 0 774.213 0 0 0 915.744 0 0 
2500 -30 0 3268.03 0 0 0 18 0 0 0 768.032 0 0 0 774.863 0 0 
2500 -25 0 3260.06 0 0 0 1 0 0 0 760.056 0 0 0 760.056 0 0 
2500 -20 0 3249.16 0 0 0 19 0 0 0 749.163 0 0 0 776.129 0 0 
2500 -15 0 3210.96 0 0 0 27 0 0 0 710.963 0 0 0 779.082 0 0 
2500 -10 0 3093.4 0 0 0 36 0 0 0 593.397 0 0 0 715.022 0 0 
2500 -5 0 3086.56 0 0 0 43 0 0 0 586.557 0 0 0 718.801 0 0 
2500 0 0 3122.93 0 0 0 35 0 0 0 622.93 0 0 0 774.446 0 0 
2500 5 0 3099.46 0 0 0 12 0 0 0 599.458 0 0 0 776.545 0 0 
2500 10 0 3122.32 0 0 0 12 0 0 0 622.323 0 0 0 750.472 0 0 
2500 15 0 3172.41 0 0 0 43 0 0 0 672.408 0 0 0 773.737 0 0 
2500 20 0 3198.23 0 0 0 38 0 0 0 698.227 0 0 0 764.458 0 0 
2500 25 0 3210.33 0 0 0 28 0 0 0 710.331 0 0 0 978.014 0 0 
2500 30 0 3261.22 0 0 0 13 0 0 0 761.219 0 0 0 765.178 0 0 
2500 35 0 3259.72 0 0 0 4 0 0 0 759.717 0 0 0 762.489 0 0 
