1000 -35 0 0 0 0 0 0 0 0 0 0 0 0 0 0 0 0 
1000 -30 0 1116.67 0 0 0 2 0 0 0 116.67 0 0 0 116.746 0 0 
1000 -25 0 1106.15 0 0 0 12 0 0 0 106.15 0 0 0 106.677 0 0 
1000 -20 0 1103.12 0 0 0 47 0 0 0 103.118 0 0 0 106.035 0 0 
1000 -15 0 1096.7 0 0 0 47 0 0 0 96.7005 0 0 0 105.98 0 0 
1000 -10 0 1096.6 0 0 0 50 0 0 0 96.6029 0 0 0 105.696 0 0 
1000 -5 0 1091.24 0 0 0 49 0 0 0 91.2392 0 0 0 98.5686 0 0 
1000 0 0 1095.95 0 0 0 50 0 0 0 95.9509 0 0 0 99.9478 0 0 
1000 5 0 1094.53 0 0 0 50 0 0 0 94.5344 0 0 0 104.964 0 0 
1000 10 0 1091.37 0 0 0 50 0 0 0 91.368 0 0 0 93.3929 0 0 
1000 15 0 1088.12 0 0 0 50 0 0 0 88.1202 0 0 0 89.2312 0 0 
1000 20 0 1089.35 0 0 0 50 0 0 0 89.3547 0 0 0 93.8839 0 0 
1000 25 0 1088.83 0 0 0 47 0 0 0 88.8343 0 0 0 92.1853 0 0 
1000 30 0 1093.15 0 0 0 32 0 0 0 93.1539 0 0 0 98.98 0 0 
1000 35 0 1094.83 0 0 0 5 0 0 0 94.8278 0 0 0 96.3735 0 0 
1250 -35 0 0 0 0 0 0 0 0 0 0 0 0 0 0 0 0 
1250 -30 0 0 0 0 0 0 0 0 0 0 0 0 0 0 0 0 
1250 -25 0 1429.4 0 0 0 6 0 0 0 179.4 0 0 0 179.701 0 0 
1250 -20 0 1428.25 0 0 0 50 0 0 0 178.249 0 0 0 179.981 0 0 
1250 -15 0 1418.79 0 0 0 50 0 0 0 168.788 0 0 0 179.28 0 0 
1250 -10 0 1414.28 0 0 0 50 0 0 0 164.28 0 0 0 180.622 0 0 
1250 -5 0 1415.5 0 0 0 50 0 0 0 165.497 0 0 0 180.401 0 0 
1250 0 0 1414.6 0 0 0 50 0 0 0 164.601 0 0 0 166.219 0 0 
1250 5 0 1412.71 0 0 0 50 0 0 0 162.706 0 0 0 173.975 0 0 
1250 10 0 1409.87 0 0 0 50 0 0 0 159.872 0 0 0 173.659 0 0 
1250 15 0 1415.76 0 0 0 50 0 0 0 165.759 0 0 0 171.189 0 0 
1250 20 0 1415.3 0 0 0 50 0 0 0 165.303 0 0 0 168.116 0 0 
1250 25 0 1412.76 0 0 0 42 0 0 0 162.76 0 0 0 167.285 0 0 
1250 30 0 1408.91 0 0 0 12 0 0 0 158.908 0 0 0 163.182 0 0 
1250 35 0 1427.83 0 0 0 2 0 0 0 177.831 0 0 0 178.267 0 0 
1500 -35 0 1740.5 0 0 0 20 0 0 0 240.504 0 0 0 254.564 0 0 
1500 -30 0 1777.6 0 0 0 4 0 0 0 277.601 0 0 0 326.768 0 0 
1500 -25 0 1724.19 0 0 0 3 0 0 0 224.185 0 0 0 225.773 0 0 
1500 -20 0 1727.36 0 0 0 47 0 0 0 227.36 0 0 0 244.295 0 0 
1500 -15 0 1728.7 0 0 0 48 0 0 0 228.7 0 0 0 251.145 0 0 
1500 -10 0 1727.48 0 0 0 50 0 0 0 227.485 0 0 0 251.974 0 0 
1500 -5 0 1729.01 0 0 0 50 0 0 0 229.012 0 0 0 252.545 0 0 
1500 0 0 1732.24 0 0 0 49 0 0 0 232.245 0 0 0 451.158 0 0 
1500 5 0 1728 0 0 0 50 0 0 0 228.003 0 0 0 250.482 0 0 
1500 10 0 1725.1 0 0 0 50 0 0 0 225.103 0 0 0 268.028 0 0 
1500 15 0 1717.08 0 0 0 50 0 0 0 217.081 0 0 0 221.272 0 0 
1500 20 0 1717.29 0 0 0 50 0 0 0 217.293 0 0 0 240.16 0 0 
1500 25 0 1711.18 0 0 0 45 0 0 0 211.177 0 0 0 214.972 0 0 
1500 30 0 1727.11 0 0 0 26 0 0 0 227.115 0 0 0 233.866 0 0 
1500 35 0 1730.84 0 0 0 14 0 0 0 230.838 0 0 0 235.651 0 0 
1750 -35 0 2055.54 0 0 0 1 0 0 0 305.54 0 0 0 305.54 0 0 
1750 -30 0 2053.1 0 0 0 3 0 0 0 303.1 0 0 0 303.818 0 0 
1750 -25 0 2061.62 0 0 0 7 0 0 0 311.623 0 0 0 333.836 0 0 
1750 -20 0 2045.89 0 0 0 49 0 0 0 295.89 0 0 0 384.062 0 0 
1750 -15 0 2041.77 0 0 0 49 0 0 0 291.766 0 0 0 303.408 0 0 
1750 -10 0 2038.14 0 0 0 44 0 0 0 288.139 0 0 0 302.677 0 0 
1750 -5 0 2028.4 0 0 0 49 0 0 0 278.398 0 0 0 304.914 0 0 
1750 0 0 2032.41 0 0 0 50 0 0 0 282.409 0 0 0 333.467 0 0 
1750 5 0 2034.39 0 0 0 49 0 0 0 284.389 0 0 0 301.961 0 0 
1750 10 0 2039.54 0 0 0 50 0 0 0 289.544 0 0 0 299.059 0 0 
1750 15 0 2040.21 0 0 0 50 0 0 0 290.213 0 0 0 416.057 0 0 
1750 20 0 2032.99 0 0 0 49 0 0 0 282.992 0 0 0 291.265 0 0 
1750 25 0 2030.75 0 0 0 35 0 0 0 280.748 0 0 0 289.551 0 0 
1750 30 0 2029.21 0 0 0 30 0 0 0 279.209 0 0 0 307.557 0 0 
1750 35 0 2038.51 0 0 0 10 0 0 0 288.507 0 0 0 314.643 0 0 
2000 -35 0 2400.28 0 0 0 3 0 0 0 400.28 0 0 0 429.062 0 0 
2000 -30 0 2400.85 0 0 0 4 0 0 0 400.85 0 0 0 433.606 0 0 
2000 -25 0 2385.38 0 0 0 1 0 0 0 385.375 0 0 0 385.375 0 0 
2000 -20 0 2347.37 0 0 0 37 0 0 0 347.372 0 0 0 430.644 0 0 
2000 -15 0 2354.36 0 0 0 46 0 0 0 354.364 0 0 0 425.82 0 0 
2000 -10 0 2354.35 0 0 0 18 0 0 0 354.351 0 0 0 522.955 0 0 
2000 -5 0 2345.74 0 0 0 47 0 0 0 345.738 0 0 0 427.297 0 0 
2000 0 0 2339.95 0 0 0 50 0 0 0 339.951 0 0 0 367.704 0 0 
2000 5 0 2348.77 0 0 0 50 0 0 0 348.774 0 0 0 390.251 0 0 
2000 10 0 2340.9 0 0 0 50 0 0 0 340.902 0 0 0 516.251 0 0 
2000 15 0 2341.64 0 0 0 33 0 0 0 341.643 0 0 0 375.904 0 0 
2000 20 0 2333.44 0 0 0 32 0 0 0 333.436 0 0 0 374.717 0 0 
2000 25 0 2366.59 0 0 0 30 0 0 0 366.594 0 0 0 410.151 0 0 
2000 30 0 2366.11 0 0 0 12 0 0 0 366.107 0 0 0 371.477 0 0 
2000 35 0 2366.75 0 0 0 1 0 0 0 366.751 0 0 0 366.751 0 0 
2250 -35 0 0 0 0 0 0 0 0 0 0 0 0 0 0 0 0 
2250 -30 0 2713.09 0 0 0 5 0 0 0 463.088 0 0 0 486.486 0 0 
2250 -25 0 2683.42 0 0 0 15 0 0 0 433.421 0 0 0 484.785 0 0 
2250 -20 0 2689.59 0 0 0 25 0 0 0 439.591 0 0 0 485.022 0 0 
2250 -15 0 2689.21 0 0 0 25 0 0 0 439.208 0 0 0 485.278 0 0 
2250 -10 0 2680.72 0 0 0 39 0 0 0 430.72 0 0 0 431.047 0 0 
2250 -5 0 2672.2 0 0 0 47 0 0 0 422.203 0 0 0 476.042 0 0 
2250 0 0 2667.81 0 0 0 48 0 0 0 417.808 0 0 0 485.919 0 0 
2250 5 0 2677.55 0 0 0 49 0 0 0 427.555 0 0 0 485.398 0 0 
2250 10 0 2665.49 0 0 0 38 0 0 0 415.489 0 0 0 471.873 0 0 
2250 15 0 2682.19 0 0 0 39 0 0 0 432.192 0 0 0 474.809 0 0 
2250 20 0 2662.66 0 0 0 43 0 0 0 412.66 0 0 0 469.32 0 0 
2250 25 0 2670.25 0 0 0 37 0 0 0 420.249 0 0 0 465.456 0 0 
2250 30 0 2710.55 0 0 0 9 0 0 0 460.549 0 0 0 464.387 0 0 
2250 35 0 0 0 0 0 0 0 0 0 0 0 0 0 0 0 0 
2500 -35 0 0 0 0 0 0 0 0 0 0 0 0 0 0 0 0 
2500 -30 0 3033.26 0 0 0 6 0 0 0 533.259 0 0 0 550.113 0 0 
2500 -25 0 3047.51 0 0 0 14 0 0 0 547.514 0 0 0 550.061 0 0 
2500 -20 0 3000.67 0 0 0 7 0 0 0 500.671 0 0 0 549.148 0 0 
2500 -15 0 3058.51 0 0 0 7 0 0 0 558.505 0 0 0 590.497 0 0 
2500 -10 0 3048.5 0 0 0 5 0 0 0 548.504 0 0 0 620.624 0 0 
2500 -5 0 3034.3 0 0 0 5 0 0 0 534.301 0 0 0 553.868 0 0 
2500 0 0 3043.21 0 0 0 50 0 0 0 543.208 0 0 0 553.808 0 0 
2500 5 0 3040.61 0 0 0 49 0 0 0 540.613 0 0 0 614.359 0 0 
2500 10 0 3031.42 0 0 0 47 0 0 0 531.416 0 0 0 537.426 0 0 
2500 15 0 3003.15 0 0 0 35 0 0 0 503.149 0 0 0 539.055 0 0 
2500 20 0 3003.17 0 0 0 49 0 0 0 503.174 0 0 0 583.183 0 0 
2500 25 0 3000.02 0 0 0 33 0 0 0 500.018 0 0 0 583.744 0 0 
2500 30 0 0 0 0 0 0 0 0 0 0 0 0 0 0 0 0 
2500 35 0 2963.15 0 0 0 1 0 0 0 463.153 0 0 0 463.153 0 0 
