1000 -35 0 0 0 0 0 0 0 0 0 0 0 0 0 0 0 0 
1000 -30 0 0 0 0 0 0 0 0 0 0 0 0 0 0 0 0 
1000 -25 0 0 0 0 0 0 0 0 0 0 0 0 0 0 0 0 
1000 -20 0 0 0 0 0 0 0 0 0 0 0 0 0 0 0 0 
1000 -15 0 0 0 0 0 0 0 0 0 0 0 0 0 0 0 0 
1000 -10 0 0 0 0 0 0 0 0 0 0 0 0 0 0 0 0 
1000 -5 0 1176.69 0 0 0 49 0 0 0 176.693 0 0 0 183.868 0 0 
1000 0 0 1158.61 0 0 0 50 0 0 0 158.611 0 0 0 162.712 0 0 
1000 5 0 1143.48 0 0 0 50 0 0 0 143.484 0 0 0 149.872 0 0 
1000 10 0 1143.11 0 0 0 43 0 0 0 143.107 0 0 0 157.219 0 0 
1000 15 0 1158.4 0 0 0 50 0 0 0 158.396 0 0 0 199.313 0 0 
1000 20 0 1184.95 0 0 0 25 0 0 0 184.952 0 0 0 186.016 0 0 
1000 25 0 0 0 0 0 0 0 0 0 0 0 0 0 0 0 0 
1000 30 0 0 0 0 0 0 0 0 0 0 0 0 0 0 0 0 
1000 35 0 0 0 0 0 0 0 0 0 0 0 0 0 0 0 0 
1250 -35 0 0 0 0 0 0 0 0 0 0 0 0 0 0 0 0 
1250 -30 0 0 0 0 0 0 0 0 0 0 0 0 0 0 0 0 
1250 -25 0 0 0 0 0 0 0 0 0 0 0 0 0 0 0 0 
1250 -20 0 0 0 0 0 0 0 0 0 0 0 0 0 0 0 0 
1250 -15 0 0 0 0 0 0 0 0 0 0 0 0 0 0 0 0 
1250 -10 0 1471.18 0 0 0 37 0 0 0 221.177 0 0 0 234.58 0 0 
1250 -5 0 1448.23 0 0 0 50 0 0 0 198.227 0 0 0 201.429 0 0 
1250 0 0 1418.31 0 0 0 50 0 0 0 168.306 0 0 0 169.351 0 0 
1250 5 0 1402.13 0 0 0 50 0 0 0 152.128 0 0 0 166.433 0 0 
1250 10 0 1415.9 0 0 0 48 0 0 0 165.9 0 0 0 181.435 0 0 
1250 15 0 1439.8 0 0 0 46 0 0 0 189.805 0 0 0 196.486 0 0 
1250 20 0 1474.74 0 0 0 21 0 0 0 224.742 0 0 0 225.923 0 0 
1250 25 0 0 0 0 0 0 0 0 0 0 0 0 0 0 0 0 
1250 30 0 0 0 0 0 0 0 0 0 0 0 0 0 0 0 0 
1250 35 0 0 0 0 0 0 0 0 0 0 0 0 0 0 0 0 
1500 -35 0 0 0 0 0 0 0 0 0 0 0 0 0 0 0 0 
1500 -30 0 0 0 0 0 0 0 0 0 0 0 0 0 0 0 0 
1500 -25 0 0 0 0 0 0 0 0 0 0 0 0 0 0 0 0 
1500 -20 0 0 0 0 0 0 0 0 0 0 0 0 0 0 0 0 
1500 -15 0 1825 0 0 0 34 0 0 0 324.997 0 0 0 324.997 0 0 
1500 -10 0 1792.19 0 0 0 48 0 0 0 292.19 0 0 0 302.078 0 0 
1500 -5 0 1749.98 0 0 0 50 0 0 0 249.982 0 0 0 254.548 0 0 
1500 0 0 1727.43 0 0 0 50 0 0 0 227.429 0 0 0 251.745 0 0 
1500 5 0 1726.93 0 0 0 47 0 0 0 226.926 0 0 0 229.32 0 0 
1500 10 0 1728.2 0 0 0 43 0 0 0 228.195 0 0 0 249.867 0 0 
1500 15 0 1778.44 0 0 0 50 0 0 0 278.444 0 0 0 298.622 0 0 
1500 20 0 1820.51 0 0 0 10 0 0 0 320.505 0 0 0 320.505 0 0 
1500 25 0 0 0 0 0 0 0 0 0 0 0 0 0 0 0 0 
1500 30 0 0 0 0 0 0 0 0 0 0 0 0 0 0 0 0 
1500 35 0 0 0 0 0 0 0 0 0 0 0 0 0 0 0 0 
1750 -35 0 0 0 0 0 0 0 0 0 0 0 0 0 0 0 0 
1750 -30 0 0 0 0 0 0 0 0 0 0 0 0 0 0 0 0 
1750 -25 0 0 0 0 0 0 0 0 0 0 0 0 0 0 0 0 
1750 -20 0 0 0 0 0 0 0 0 0 0 0 0 0 0 0 0 
1750 -15 0 2171.18 0 0 0 1 0 0 0 421.18 0 0 0 421.18 0 0 
1750 -10 0 2099.95 0 0 0 45 0 0 0 349.953 0 0 0 368.961 0 0 
1750 -5 0 2052.19 0 0 0 50 0 0 0 302.189 0 0 0 334.926 0 0 
1750 0 0 2056.39 0 0 0 50 0 0 0 306.393 0 0 0 333.903 0 0 
1750 5 0 2051.19 0 0 0 41 0 0 0 301.188 0 0 0 332.782 0 0 
1750 10 0 2069.91 0 0 0 50 0 0 0 319.908 0 0 0 340.659 0 0 
1750 15 0 2200.79 0 0 0 12 0 0 0 450.79 0 0 0 565.419 0 0 
1750 20 0 2144.11 0 0 0 2 0 0 0 394.114 0 0 0 394.114 0 0 
1750 25 0 0 0 0 0 0 0 0 0 0 0 0 0 0 0 0 
1750 30 0 0 0 0 0 0 0 0 0 0 0 0 0 0 0 0 
1750 35 0 0 0 0 0 0 0 0 0 0 0 0 0 0 0 0 
2000 -35 0 0 0 0 0 0 0 0 0 0 0 0 0 0 0 0 
2000 -30 0 0 0 0 0 0 0 0 0 0 0 0 0 0 0 0 
2000 -25 0 0 0 0 0 0 0 0 0 0 0 0 0 0 0 0 
2000 -20 0 0 0 0 0 0 0 0 0 0 0 0 0 0 0 0 
2000 -15 0 2522.08 0 0 0 7 0 0 0 522.076 0 0 0 524.898 0 0 
2000 -10 0 2456.61 0 0 0 41 0 0 0 456.612 0 0 0 476.857 0 0 
2000 -5 0 2404.08 0 0 0 45 0 0 0 404.075 0 0 0 430.497 0 0 
2000 0 0 2383.59 0 0 0 50 0 0 0 383.587 0 0 0 428.864 0 0 
2000 5 0 2401.43 0 0 0 49 0 0 0 401.434 0 0 0 473.689 0 0 
2000 10 0 2421.94 0 0 0 50 0 0 0 421.944 0 0 0 426.804 0 0 
2000 15 0 2417.42 0 0 0 8 0 0 0 417.422 0 0 0 460.842 0 0 
2000 20 0 2491.85 0 0 0 3 0 0 0 491.852 0 0 0 559.566 0 0 
2000 25 0 0 0 0 0 0 0 0 0 0 0 0 0 0 0 0 
2000 30 0 0 0 0 0 0 0 0 0 0 0 0 0 0 0 0 
2000 35 0 0 0 0 0 0 0 0 0 0 0 0 0 0 0 0 
2250 -35 0 0 0 0 0 0 0 0 0 0 0 0 0 0 0 0 
2250 -30 0 0 0 0 0 0 0 0 0 0 0 0 0 0 0 0 
2250 -25 0 0 0 0 0 0 0 0 0 0 0 0 0 0 0 0 
2250 -20 0 0 0 0 0 0 0 0 0 0 0 0 0 0 0 0 
2250 -15 0 2853.16 0 0 0 2 0 0 0 603.159 0 0 0 603.159 0 0 
2250 -10 0 2755.88 0 0 0 21 0 0 0 505.881 0 0 0 542.136 0 0 
2250 -5 0 2723.73 0 0 0 42 0 0 0 473.729 0 0 0 535.742 0 0 
2250 0 0 2723.25 0 0 0 50 0 0 0 473.245 0 0 0 652.629 0 0 
2250 5 0 2781.07 0 0 0 49 0 0 0 531.07 0 0 0 948.223 0 0 
2250 10 0 2737.33 0 0 0 35 0 0 0 487.334 0 0 0 536.59 0 0 
2250 15 0 2795.77 0 0 0 48 0 0 0 545.765 0 0 0 795.688 0 0 
2250 20 0 2860.45 0 0 0 3 0 0 0 610.452 0 0 0 646.441 0 0 
2250 25 0 0 0 0 0 0 0 0 0 0 0 0 0 0 0 0 
2250 30 0 0 0 0 0 0 0 0 0 0 0 0 0 0 0 0 
2250 35 0 0 0 0 0 0 0 0 0 0 0 0 0 0 0 0 
2500 -35 0 0 0 0 0 0 0 0 0 0 0 0 0 0 0 0 
2500 -30 0 0 0 0 0 0 0 0 0 0 0 0 0 0 0 0 
2500 -25 0 3387.7 0 0 0 2 0 0 0 887.704 0 0 0 887.704 0 0 
2500 -20 0 3319.34 0 0 0 7 0 0 0 819.342 0 0 0 819.342 0 0 
2500 -15 0 3184.14 0 0 0 20 0 0 0 684.138 0 0 0 694.031 0 0 
2500 -10 0 3094.83 0 0 0 26 0 0 0 594.827 0 0 0 682.13 0 0 
2500 -5 0 3054.89 0 0 0 47 0 0 0 554.886 0 0 0 617.092 0 0 
2500 0 0 3085.97 0 0 0 43 0 0 0 585.969 0 0 0 616.402 0 0 
2500 5 0 3187.65 0 0 0 45 0 0 0 687.654 0 0 0 894.339 0 0 
2500 10 0 3076.61 0 0 0 29 0 0 0 576.614 0 0 0 613.194 0 0 
2500 15 0 3352.19 0 0 0 37 0 0 0 852.191 0 0 0 924.439 0 0 
2500 20 0 3171.6 0 0 0 1 0 0 0 671.596 0 0 0 671.596 0 0 
2500 25 0 3187.07 0 0 0 2 0 0 0 687.072 0 0 0 687.072 0 0 
2500 30 0 0 0 0 0 0 0 0 0 0 0 0 0 0 0 0 
2500 35 0 0 0 0 0 0 0 0 0 0 0 0 0 0 0 0 
